3.200000
3.196000
3.166400
3.153080
3.139484
3.142090
3.141669
3.160000
3.140000
3.130400
3.139120
3.142236
3.141617
3.141606
3.400000
3.060000
3.154000
3.131280
3.143800
3.141501
3.141544
2.960000
3.120000
3.152000
3.134600
3.142176
3.142070
3.141518
3.000000
3.148000
3.129600
3.139040
3.139864
3.141080
3.141147
3.080000
3.124000
3.145600
3.149000
3.138668
3.141920
3.141516
3.200000
3.176000
3.140400
3.136000
3.140308
3.141614
3.141604
3.360000
3.076000
3.148800
3.137440
3.141724
3.142019
3.141578
2.920000
3.068000
3.120800
3.130520
3.143784
3.143017
3.141748
3.080000
3.100000
3.166400
3.135000
3.141840
3.141341
3.141416

